1
0
77
99
77
91
28
44
9
6
17
68
89
18
48
78
93
95
34
8
55
93
73
60
94
56
21
64
27
91
63
42
69
73
53
90
80
26
72
65
57
19
62
1
48
93
83
56
93
69
26
43
58
85
43
2
34
21
6
31
88
41
34
86
77
47
52
27
58
9
34
13
49
66
2
56
40
30
41
39
52
88
13
99
3
24
0
90
98
67
74
92
20
89
85
79
80
48
61
87
56
38
19
36
25
5
82
25
34
99
79
80
97
80
22
44
62
43
24
61
57
65
52
60
38
50
7
52
44
71
90
52
65
57
89
11
56
85
75
16
66
71
56
40
6
80
72
78
0
6
83
42
3
26
10
11
83
71
92
9
90
57
52
89
51
98
6
80
23
87
90
21
83
37
74
69
87
38
51
11
61
76
62
30
32
67
89
55
52
52
94
0
27
18
94
32
7
74
59
0
60
71
44
95
27
40
23
7
62
10
89
20
1
61
28
58
69
26
43
73
91
93
12
40
41
31
9
37
2
21
36
72
7
70
61
42
39
33
86
27
72
41
74
63
56
93
20
32
80
73
57
50
40
8
85
23
53
10
47
53
57
0
14
63
63
59
20
46
75
35
47
53
54
60
34
37
64
2
39
62
66
0
93
19
89
4
42
65
63
38
79
92
3
61
45
19
47
92
86
16
6
64
91
14
49
71
15
71
17
88
37
58
72
32
42
68
46
39
69
34
4
73
78
83
32
42
3
19
78
13
10
97
17
29
44
30
33
62
93
61
37
33
95
39
83
8
2
49
53
67
70
31
54
34
81
28
62
28
94
9
62
79
13
46
46
59
76
53
64
11
65
91
71
1
16
36
57
88
78
90
44
15
55
42
13
89
89
81
35
14
23
68
77
26
23
92
96
98
1
92
88
23
89
58
2
37
19
84
1
3
25
58
75
33
34
84
46
23
44
39
12
1
69
67
99
1
3
15
59
4
41
0
82
96
91
47
32
18
82
92
82
92
78
43
45
36
59
22
28
17
70
22
97
55
30
16
8
51
87
16
48
73
30
45
30
84
68
39
93
99
97
93
83
42
64
75
26
93
29
77
75
83
12
6
48
20
12
39
38
67
12
85
25
80
46
20
63
99
59
59
46
36
54
30
6
67
47
19
44
66
80
54
3
75
0
47
0
37
27
52
49
12
35
48
62
64
63
89
12
41
13
7
5
6
73
8
67
32
12
56
26
14
74
21
41
22
23
75
79
76
88
39
93
38
95
64
91
17
9
93
47
83
2
83
35
74
90
4
51
93
42
77
32
25
18
72
88
28
49
0
3
62
44
70
12
61
99
77
14
99
74
83
96
66
48
89
63
29
79
31
13
48
51
2
46
8
96
9
79
39
79
88
96
60
36
72
42
10
54
73
90
21
97
42
97
65
77
0
46
61
86
41
79
80
62
33
98
30
22
40
70
74
71
57
95
0
59
36
12
53
83
84
51
89
18
64
26
15
57
80
28
80
13
85
76
81
65
34
96
52
32
16
37
8
28
34
92
91
79
46
51
9
64
92
6
5
26
98
98
0
47
98
91
17
19
54
14
51
22
88
44
48
4
60
15
36
96
47
39
52
81
77
13
4
27
34
68
20
62
69
60
42
6
32
24
46
38
82
80
64
2
64
66
20
57
92
18
2
23
74
87
83
44
8
23
45
33
40
83
73
21
46
61
70
31
52
4
84
35
70
18
10
47
31
87
62
70
56
59
12
3
19
66
43
92
11
97
35
19
4
58
7
22
43
90
26
3
55
66
38
37
17
13
70
83
70
13
63
42
71
69
11
51
63
38
42
4
8
48
92
21
57
57
82
41
5
88
86
88
98
15
0
41
25
66
64
12
0
78
64
29
30
21
92
50
60
47
32
8
36
76
89
30
96
73
2
65
80
33
38
2
54
60
22
14
79
28
96
42
26
90
58
93
50
51
80
16
46
91
56
56
2
42
57
54
19
6
12
82
96
34
86
63
49
61
31
58
66
77
59
79
50
32
75
28
30
57
30
10
49
7
97
45
40
48
86
9
64
84
97
23
23
31
50
37
6
28
32
40
71
51
47
10
51
88
36
76
87
80
49
8
51
84
23
48
95
91
41
90
15
19
39
1
66
15
89
18
23
84
19
73
68
45
36
91
14
1
88
23
16
40
36
87
25
20
91
76
87
56
62
74
71
24
35
10
19
67
34
16
39
11
9
70
91
12
80
85
43
43
23
87
47
71
58
88
16
56
38
74
26
